AE (PRED): 6.610753	0.369474	1.360400	0.995337	0.125467	0.96141	0.96141	0.951124	28.730117	3.399434	5.214471	0.989449
FAD: 9.1866

AE (GL): 10.447753	0.422893	2.472386	0.953347	0.031451	0.919191	0.919191	0.922340	22.234323	6.930392	12.583599	0.954715
FAD: 8.5485

VAE (PRED): 11.240878	0.570042	3.584065	0.946543	0.399673	0.497405	0.497405	0.539796	53.801081	12.074122	21.688204
FAD: 16.3195

VAE (GL): 10.172998	0.592821	3.572648	0.980550	0.633371	0.951297	0.972639	0.893426	104.260773	15.124100	28.193726	0.772397
FAD: 12.2389

cVAE (PRED): 1.36462	0.325988	1.547773	1.0	0.0	0.996875	0.996875	0.996875	11.217912	1.114791	1.411218	0.924003
FAD: 7.2680

cVAE (ESTOC): 1.175785	0.295984	1.153994	1.0	0.0	1.0	1.0	1.0	7.351403	0.768144	0.963755	0.907006